LIéŠj
$GPGSV,3,3,10,28,43,351,,30,61,225,*73
$GPGLL,,,,,174404.00,V,N*48
$GPRMC,174405.00,V,,,,,,,241120,,,N*7A
$GPVTG,,,,,,,,,N*30
$GPGGA,174405.00,,,,,0,00,99.99,,,,,,*65
$GPGSA,A,1,,,,,,,,,,,,,99.99,99.99,99.99*30
$GPGSV,3,1,10,01,28,031,,06,37,226,,07,43,181,,09,07,170,*77
$GPGSV,3,2,10,13,00,275,,17,33,311,,19,23,290,25,22,25,071,*7A
$GPGSV,3,3,10,28,43,351,,30,61,225,*73
$GPGLL,,,,,174405.00,V,N*49
$GPRMC,174406.00,V,,,,,,,241120,,,N*79
$GPVTG,,,,,,,,,N*30
$GPGGA,174406.00,,,,,0,00,99.99,,,,,,*66
$GPGSA,A,1,,,,,,,,,,,,,99.99,99.99,99.99*30
$GPGSV,3,1,10,01,28,031,,06,37,226,,07,43,181,26,09,07,170,*73
$GPGSV,3,2,10,13,00,275,,17,33,311,,19,23,290,24,22,25,071,25*7C
$GPGSV,3,3,10,28,43,351,,30,61,225,*73
$GPGLL,,,,,174406.00,V,N*4A
$GPRMC,174407.00,V,,,,,,,241120,,,N*78
$GPVTG,,,,,,,,,N*30
$GPGGA,174407.00,,,,,0,00,99.99,,,,,,*67
$GPGSA,A,1,,,,,,,,,,,,,99.99,99.99,99.99*30
$GPGSV,3,1,10,01,28,031,27,06,37,226,,07,43,181,21,09,07,170,*71
$GPGSV,3,2,10,13,00,275,,17,33,311,25,19,23,290,20,22,25,071,*78
$GPGSV,3,3,10,28,43,351,,30,61,225,*73
$GPGLL,,,,,174407.00,V,N*4B
$GPRMC,174408.00,V,,,,,,,241120,,,N*77
$GPVTG,,,,,,,,,N*30
$GPGGA,174408.00,,,,,0,00,99.99,,,,,,*68
$GPGSA,A,1,,,,,,,,,,,,,99.99,99.99,99.99*30
$GPGSV,3,1,11,01,28,031,,06,37,226,21,07,43,181,14,08,-1,068,26*66
$GPGSV,3,2,11,09,07,170,,13,00,275,,17,33,311,,19,23,290,15*71
$GPGSV,3,3,11,22,25,071,20,28,43,351,25,30,61,225,28*4C
$GPGLL,,,,,174408.00,V,N*44
$GPRMC,174409.00,V,,,,,,,241120,,,N*76
$GPVTG,,,,,,,,,N*30
$GPGGA,174409.00,,,,,0,00,99.99,,,,,,*69
$GPGSA,A,1,,,,,,,,,,,,,99.99,99.99,99.99*30
$GPGSV,3,1,11,01,28,031,,06,37,226,,07,43,181,,08,-1,068,08*6C
$GPGSV,3,2,11,09,07,170,27,13,00,275,,17,33,311,,19,23,290,09*79
$GPGSV,3,3,11,22,25,071,17,28,43,351,21,30,61,225,*46
$GPGLL,,,,,174409.00,V,N*45
$GPRMC,174410.00,V,,,,,,,241120,,,N*7E
$GPVTG,,,,,,,,,N*30
$GPGGA,174410.00,,,,,0,00,99.99,,,,,,*61
$GPGSA,A,1,,,,,,,,,,,,,99.99,99.99,99.99*30
$GPGSV,3,1,10,01,28,031,,06,37,226,,07,43,181,,09,07,170,*77
$GPGSV,3,2,10,13,00,275,,17,33,311,24,19,23,290,,22,25,071,10*7A
$GPGSV,3,3,10,28,43,351,,30,61,225,*73
$GPGLL,,,,,174410.00,V,N*4D
$GPRMC,174411.00,V,,,,,,,241120,,,N*7F
$GPVTG,,,,,,,,,N*30
$GPGGA,174411.00,,,,,0,00,99.99,,,,,,*60
$GPGSA,A,1,,,,,,,,,,,,,99.99,99.99,99.99*30
$GPGSV,3,1,10,01,28,031,,06,37,226,,07,43,181,25,09,07,170,*70
$GPGSV,3,2,10,13,00,275,,17,33,311,,19,23,290,,22,25,071,09*74
$GPGSV,3,3,10,28,43,351,,30,61,225,*73
$GPGLL,,,,,174411.00,V,N*4C
$GPRMC,174412.00,V,,,,,,,241120,,,N*7C
$GPVTG,,,,,,,,,N*30
$GPGGA,174412.00,,,,,0,00,99.99,,,,,,*63
$GPGSA,A,1,,,,,,,,,,,,,99.99,99.99,99.99*30
$GPGSV,3,1,10,01,28,031,,06,37,226,,07,43,181,21,09,07,170,*74
$GPGSV,3,2,10,13,00,275,,17,33,311,,19,23,290,,22,25,071,07*7A
$GPGSV,3,3,10,28,43,351,,30,61,225,22*73
$GPGLL,,,,,174412.00,V,N*4F
$GPRMC,174413.00,V,,,,,,,241120,,,N*7D
