$GPRMC,174516.00,V,,,,,,,241120,,,N*79
$GPVTG,,,,,,,,,N*30
$GPGGA,174516.00,,,,,0,00,99.99,,,,,,*66
$GPGSA,A,1,,,,,,,,,,,,,99.99,99.99,99.99*30
$GPGSV,3,1,10,01,28,031,,06,37,227,19,07,42,181,28,09,07,169,*7D
$GPGSV,3,2,10,13,00,274,,17,33,312,,19,23,290,,22,25,070,*7E
$GPGSV,3,3,10,28,43,351,,30,60,224,*73
$GPGLL,,,,,174516.00,V,N*4A
$GPRMC,174517.00,V,,,,,,,241120,,,N*78
$GPVTG,,,,,,,,,N*30
$GPGGA,174517.00,,,,,0,00,99.99,,,,,,*67
$GPGSA,A,1,,,,,,,,,,,,,99.99,99.99,99.99*30
$GPGSV,3,1,10,01,28,031,,06,37,227,,07,42,181,,09,07,169,*7F
$GPGSV,3,2,10,13,00,274,24,17,33,312,,19,23,290,,22,25,070,*78
$GPGSV,3,3,10,28,43,351,,30,60,224,*73
$GPGLL,,,,,174517.00,V,N*4B
$GPRMC,174518.00,V,,,,,,,241120,,,N*77
$GPVTG,,,,,,,,,N*30
$GPGGA,174518.00,,,,,0,00,99.99,,,,,,*68
$GPGSA,A,1,,,,,,,,,,,,,99.99,99.99,99.99*30
$GPGSV,3,1,10,01,28,031,,06,37,227,,07,42,181,,09,07,169,25*78
$GPGSV,3,2,10,13,00,274,20,17,33,312,25,19,23,290,20,22,25,070,*79
$GPGSV,3,3,10,28,43,351,,30,60,224,*73
$GPGLL,,,,,174518.00,V,N*44
$GPRMC,174519.00,V,,,,,,,241120,,,N*76
$GPVTG,,,,,,,,,N*30
$GPGGA,174519.00,,,,,0,00,99.99,,,,,,*69
$GPGSA,A,1,,,,,,,,,,,,,99.99,99.99,99.99*30
$GPGSV,3,1,10,01,28,031,,06,37,227,,07,42,181,,09,07,169,24*79
$GPGSV,3,2,10,13,00,274,,17,33,312,26,19,23,290,25,22,25,070,26*79
$GPGSV,3,3,10,28,43,351,,30,60,224,*73
$GPGLL,,,,,174519.00,V,N*45
$GPRMC,174520.00,V,,,,,,,241120,,,N*7C
$GPVTG,,,,,,,,,N*30
$GPGGA,174520.00,,,,,0,00,99.99,,,,,,*63
$GPGSA,A,1,,,,,,,,,,,,,99.99,99.99,99.99*30
$GPGSV,3,1,10,01,28,031,20,06,37,227,,07,42,181,,09,07,169,19*75
$GPGSV,3,2,10,13,00,274,,17,33,312,21,19,23,290,21,22,25,070,*7E
$GPGSV,3,3,10,28,43,351,,30,60,224,25*74
$GPGLL,,,,,174520.00,V,N*4F
$GPRMC,174521.00,V,,,,,,,241120,,,N*7D
$GPVTG,,,,,,,,,N*30
$GPGGA,174521.00,,,,,0,00,99.99,,,,,,*62
$GPGSA,A,1,,,,,,,,,,,,,99.99,99.99,99.99*30
$GPGSV,3,1,10,01,28,031,,06,37,227,,07,42,181,,09,07,169,*7F
$GPGSV,3,2,10,13,00,274,24,17,33,312,,19,23,290,,22,25,070,*78
$GPGSV,3,3,10,28,43,351,,30,60,224,*73
$GPGLL,,,,,174521.00,V,N*4E
$GPRMC,174522.00,V,,,,,,,241120,,,N*7E
$GPVTG,,,,,,,,,N*30
$GPGGA,174522.00,,,,,0,00,99.99,,,,,,*61
$GPGSA,A,1,,,,,,,,,,,,,99.99,99.99,99.99*30
$GPGSV,3,1,10,01,28,031,,06,37,227,,07,42,181,,09,07,169,*7F
$GPGSV,3,2,10,13,00,274,,17,33,312,,19,23,290,,22,25,070,*7E
$GPGSV,3,3,10,28,43,351,,30,60,224,20*71
$GPGLL,,,,,174522.00,V,N*4D
$GPRMC,174523.00,V,,,,,,,241120,,,N*7F
$GPVTG,,,,,,,,,N*30
$GPGGA,174523.00,,,,,0,00,99.99,,,,,,*60
$GPGSA,A,1,,,,,,,,,,,,,99.99,99.99,99.99*30
$GPGSV,3,1,10,01,28,031,,06,37,227,27,07,42,181,,09,07,169,*7A
$GPGSV,3,2,10,13,00,274,,17,33,312,,19,23,290,,22,25,070,*7E
$GPGSV,3,3,10,28,43,351,,30,60,224,*73
$GPGLL,,,,,174523.00,V,N*4C
$GPRMC,174524.00,V,,,,,,,241120,,,N*78
$GPVTG,,,,,,,,,N*30
$GPGGA,174524.00,,,,,0,00,99.99,,,,,,*67
$GPGSA,A,1,,,,,,,,,,,,,99.99,99.99,99.99*30
$GPGSV,3,1,10,01,28,031,26,06,37,227,27,07,42,181,,09,07,169,24*78
$GPGSV,3,2,10,13,00,274,25,17,33,312,,19,23,290,24,22,25,070,*7F
$GPGSV,3,3,10,28,43,351,,30,60,224,25*74
$GPGLL,,,,,174524.00,V,N*4B
$GPRMC,174525.00,V,,,,,,,241120,,,N*79
$GPVTG,,,,,,,,,N*30
$GPGGA,174525.00,,,,,0,00,99.99,,,,,,*66
$GPGSA,A,1,,,,,,,,,,,,,99.99,99.99,99.99*30
$GPGSV,3,1,11,01,28,031,,06,37,227,,07,42,181,22,09,07,169,22*7E
$GPGSV,3,2,11,13,00,274,,17,33,312,20,19,23,290,,22,25,070,*7D
$GPGSV,3,3,11,27,,,28,28,43,351,28,30,60,224,24*71
$GPGLL,,,,,174525.00,V,N*4A
$GPRMC,174526.00,V,,,,,,,241120,,,N*7A
$GPVTG,,,,,,,,,N*30
$GPGGA,174526.00,,,,,0,00,99.99,,,,,,*65
$GPGSA,A,1,,,,,,,,,,,,,99.99,99.99,99.99*30
$GPGSV,3,1,11,01,28,031,23,06,37,227,25,07,42,181,22,09,07,169,25*7F
$GPGSV,3,2,11,13,00,274,23,17,33,312,25,19,23,290,26,22,25,070,*7D
$GPGSV,3,3,11,27,,,26,28,43,351,26,30,60,224,24*71
$GPGLL,,,,,174526.00,V,N*49
$GPRMC,174527.00,V,,,,,,,241120,,,N*7B
$GPVTG,,,,,,,,,N*30
$GPGGA,174527.00,,,,,0,00,99.99,,,,,,*64
$GPGSA,A,1,,,,,,,,,,,,,99.99,99.99,99.99*30
$GPGSV,3,1,11,01,28,031,22,06,37,227,23,07,42,181,22,09,07,169,23*7E
$GPGSV,3,2,11,13,00,274,23,17,33,312,24,19,23,290,24,22,25,070,*7E
$GPGSV,3,3,11,27,,,24,28,4$GPRMC,174529.00,V,,,,,,,241120,,,N*75
$G1,,,,,,,,,,,,,99.99,99.99,99.99*30
$GPGSV,3,,N*46
$GPRMC,174530.00,V,,,,,,,241120,,,N*7D
$GPVTG,,,,,,,,,N*30
$GPGGA,174530.00,,,,,0,00,99.99,,,,,,*62
$GPGSA,A,1,,,,,,,,,,,,,99.99,99.99,99.99*30
$GPGSV,3,1,10,01,28,031,,06,37,227,,07,42,181,,09,07,169,*7F
$GPGSV,3,2,10,13,00,274,,17,33,312,,19,23$GPRMC,174531.00,V,,,,,,,241120,,,N*7C
$GPVTG,,,,,,,,,N*30
$GPGGA,174531.00,,,,,0,00,99.99,,,,,,*63
$GPGSA,A,1,,,,,,,,,,,,,99.99,99.99,99.99*30
$GPGSV,3,1,10,01,28,031,,06,38,227,,07,42,181,,09,07,169,*70
$GPGSV,3,2,10,13,00,274,,17,33,312,,19,23,290,,22,25,070,*7E
$GPGSV,3,3$GPRMC,174532.00,V,,,,,,,241120,,,N*7F
$GPVTG,,,,,,,,,N*30
$GPGGA,174532.00,,,,,0,00,99.99,,,,,,*60
$GPGSA,A,1,,,,,,,,,,,,,99.99,99.99,99.99*30
$GPGSV,3,1,10,01,28,031,,06,38,227,28,07,42,181,,09,07,169,*7A
$GPRMC,174533.00,V,,,,,,,241120,,,N*7E
$GPVTG,,,,,,,,,N*30
$GPGGA,174533.00,,,,,0,00,99.99,,,,,,*61
$GPGSA,A,1,,,,,,,,,,,,,99.99,99.99,99.99*30
$GPGSV,3,1,10,01,28,031,,06,38,227,,07,42,181,,09,0,13,00,274,,17,33,312,21,19,23,290,22,22,$GPRMC,174534.00,V,,,,,,,241120,,,N*79
$GPVTG,,,,,,,,,N*30
$GPGGA,174534.00,,,,,0,00,99.99,,,,,,*66
$GPGSA,A,1,,,,,,,,,,,,,99.99,99.99,99.99*30
$GPGSV,3,1,12,01,28,031,21,06,38,227,,07,42,181,22,09,07,169,22*71
$GPGSV,3,2,12,13,00,274,22,17,33,312,21,19,23,290,22,21,,,27*49
$GPGS$GPRMC,174535.00,V,,,,,,,241120,,,N*78
$GPVTG,,,,,,,,,N*30
$GPGGA,174535.00,,,,,0,00,99.99,,,,,,*67
$GPGSA,A,1,,,,,,,,,,,,,99.99,99.99,99.99*30
$GPGSV,3,1,12,01,28,031,19,06,38,227,,07,42,181,19,09,07,169,19*7A
$GPGSV,3,2,12,13,00,274,$GPRMC,174536.00,V,,,,,,,241120,,,N*7B
$GPVTG,,,,,,,,,N*30
$GPGGA,174536.00,,,,,0,00,99.99,,,,,,*64
$GPGSA,A,1,,,,,,,,,,,,,99.99,99.99,99.99*30
$GPGSV,3,1,10,01,28,031,210,13,00,274,,17,33,312,,19,23,290,,22,25,070,$GPRMC,174537.00,V,,,,,,,241120,,,N*7A
$GPVTG,,,,,,,,,N*30
$GPGGA,174537.00,,,,,0,00,99.99,,,,,,*65
$GPGSA,A,1,,,,,,,,,,,,,99.99,99.99,99.99*30
$GPGSV,3,1,11,01,28,031,,02,,,29,06,38,227,,07,42,181,*48
$GPGSV,3,2,11,09,07,169,,13,7.00,V,N*49
$GPRMC,174538.00,V,,,,,,,241120,,,N*75
$GPVTG,,,,,,,,,N*30
$GPGGA,174538.00,,,,,0,00,99.99,,,,,,*6A
$GPGSA,A,1,,,,,,,,,,,,,99.99,99.99,99.99*30
$GPGSV,3,1,10,01,28,031,,06,38,227,,07,42,181,,09,07,169,*70
$GPGSV,3,13,00,274,,17,33,312,,19,23,290,,22,25,070$GPRMC,174539.00,V,,,,,,,241120,,,N*74
$GPVTG,,,,,,,,,N*30
$GPGGA,174539.00,,,,,0,00,99.99,,,,,,*6B
$GPGSA,A,1,,,,,,,,,,,,,99.99,99.99,99.99*30
$GPGSV,3,1,10,01,28,031,,06,313,00,274,,17,33,312,,19,23,290,,22,25,070,*7E
$GPGSV,3,3,10,28$GPRMC,174540.00,V,,,,,,,241120,,,N*7A
$GPVTG,,,,,,,,,N*30
$GPGGA,174540.00,,,,,0,00,99.99,,,,,,*65
$GPGSA,A,1,,,,,,,,,,,,,99.99,99.99,99.99*30
$GPGSV,3,1,11,01,28,031,,04,,,24,06,38,227,,$GPRMC,174541.00,V,,,,,,,241120,,,N*7B
$GPVTG,,,,,,,,,N*30
$GPGGA,174541.00,,,,,0,00,99.99,,,,,,*64
$GPGSA,A,1,,,,,,,,,,,,,99.99,99.99,99.99*30
$GPGSV,3,1,10,01,28,031,,06,38,227,,07,42,181,,09,07,169,*70
$GPGSV,3,2,10,13,00,274,,17,33,312,,19,23,290,,22,25,070,*7E
$GPGSV,3,3,10,28,43,$GPRMC,174542.00,V,,,,,,,241120,,,N*78
$GPVTG,,,,,,,,,N*30
$GPGGA,174542.00,,,,,0,00,99.99,,,,,,*67
$GPGSA,A,1,,,,,,,,,,,,,99.99,99.99,99.99*30
$GPGSV,3,1,11,01,28,031,,05,,,28,06,38,227,,07,42,181,*4E
$GPGSV,07,169,,13,00,274,,17,33,312,,19,23,291,*7E
$GPGSV,3,3,11,22,25$GPRMC,174543.00,V,,,,,,,241120,,,N*79
$GPVTG,,,,,,,,,N*30
$GPGGA,174543.00,,,,,0,00,99.99,,,,,,*66
$GPGSA,A,1,,,,,,,,,,,,,99.99,99.99,99.99*30
$GPGSV,3,1,10,01,28,031,,06,38,227,,$GPRMC,174544.00,V,,,,,,,241120,,,N*7E
$GPVTG,,,,,,,,,N*30
$GPGGA,174544.00,,,,,0,00,99.99,,,,,,*61
$GPGSA,A,1,,,,,,,,,,,,,99.99,99.99,99.99*30
$GPGSV,3,1,10,01,28,031,,06,38,227,,07,42,181,,09,07,169,*70
$GPGSV,3,2,10,13,00,274,,17,33,312,,19,23,291,,22,25,070,*7F
$GPGSV,3,3,10,28,43,351,,30,60,2$GPRMC,174545.00,V,,,,,,,241120,,,N*7F
$GPVTG,,,,,,,,,N*30
$GPGGA,174545.00,,,,,0,00,99.99,,,,,,*60
$GPGSA,A,1,,,,,,,,,,,,,99.99,99.99,99.99*30
$GPGSV,3,1,10,01,28,031,,06,38,227,,07,42,181,28,09,07,169,*7A
$GPGSV,3,2,10,13,00,274,,17,33,312$GPRMC,174546.00,V,,,,,,,241120,,,N*7C
$GPVTG,,,,,,,,,N*30
$GPGGA,174546.00,,,,,0,00,99.99,,,,,,*63
$GPGSA,A,1,,,,,,,,,,,,,99.99,99.99,99.99*30
$GPGSV,3,1,11,01,28,031,,06,38,221,09,07,169,,13,00,274,,17,33,312,,19,23,2$GPRMC,174547.00,V,,,,,,,241120,,,N*7D
$GPVTG,,,,,,,,,N*30
$GPGGA,174547.00,,,,,0,00,99.99,,,,,,*62
$GPGSA,A,1,,,,,,,,,,,,,99.99,99.99,99.99*30
$GPGSV,3,1,10,01,28,031,,06,38,227,,07,42,181,,09,07,169,28*7A
$GPGSV,3,2,10,13,00,274,,17,33,312,,19,23,291,,22,25,070,*7F
$GPGSV,3,3,10,28,43,35$GPRMC,174548.00,V,,,,,,,241120,,,N*72
$GPVTG,,,,,,,,,N*30
$GPGGA,174548.00,,,,,0,00,99.99,,,,,,*6D
$GPGSA,A,1,,,,,,,,,,,,,99.99,99.99,99.99*30
$GPGSV,3,1,11,01,28,031,,06,38,227,26,07,42,181,28,09,07,169,27*7A
$GPGSV,3,2,11,11,,,21$GPRMC,174549.00,V,,,,,,,241120,,,N*73
$GPVTG,,,,,,,,,N*30
$GPGGA,174549.00,,,,,0,00,99.99,,,,,,*6C
$GPGSA,A,1,,,,,,,,,,,,,99.99,99.99,99.99*30
$GPGSV,4,1,14,01,28,031,24,06,38,227,22,07,42,181,18,08,-2,069,2,4,2,14,09,07,169,,11,,,26,12,,,23,13,00,274,$GPRMC,174550.00,V,,,,,,,241120,,,N*7B
$GPVTG,,,,,,,,,N*30
$GPGGA,174550.00,,,,,0,00,99.99,,,,,,*64
$GPGSA,A,1,,,,,,,,,,,,,99.99,99.99,99.99*30
$GPGSV,5,1,19,01,28,031,34,06,38,227,,07,42,181,33,08,-2,069,32*61
$GPGSV,5,2,19,09,07,169,26,11,,,33,12,,,34,13,00,274,32*74
$GPGSV,5,3,19,17,33,312,32,19,23*42
$GPGSV,5,4,19,26,,,34,27,,,32,28,43,351,27,30,60,223,32*7F
$GPRMC,174551.00,V,,,,,,,241120,,,N*7A
$GPVTG,,,,,,,,,N*30
$GPGGA,174551.00,,,,,0,00,99.99,,,,,,*65
$GPGSA,A,1,,,,,,,,,,,,,99.99,99.99,99.99*30
$GPGS,2,19,09,07,169,23,11,,,22,12,,,18,13,00,274,20*7C
$GPGSV,5,3,19,15*47
$GPGSV,5,4,19,25,,,23,26,,,13,27,,,21,28,43,351,22*4C
$GPG$GPRMC,174552.00,V,,,,,,,241120,,,N*79
$GPVTG,,,,,,,,,N*30
$GPGGA,174552.00,,,,,0,00,99.99,,,,,,*66
$GPGS1,,,,,,,,,,,,,99.99,99.99,99.99*30
$GPGSV,4,1,15,01,28,031,20,06,38,227,,07,42,181,20,08,-2,069,17*6C
$GPGSV,,2,15,09,07,169,20,11$GPRMC,174553.00,V,,,,,,,241120,,,N*78
$GPVTG,,,,,,,,,N*30
$GPGGA,174553.00,,,,,0,00,99.99,,,,,,*67
$GPGSA,A,1,,,,,,,,,,,,,99.99,99.99,99.99*30
$GPGSV,4,1,15,01,28,031,,06,38,227,22,07,42,181,,09,07,169,*72
$GPGSV,4,2,15,1,15,28,43,351,,30,60,$GPRMC,174554.00,V,,,,,,,241120,,,N*7F
$GPVTG,,,,,,,,,N*30
$GPGGA,174554.00,,,,,0,00,99.99,,,,,,*60
$GPGSA,A,1,,,,,,,,,,,,,99.99,99.99,99.99*30
$GPGSV,4,1,15,01,28,031,,06,38,227,23,07,42,181,,09,07,169,*73
$GPGSV,4,2,15,11,,,14,12,,,25,13,00,274,23,15,,,2$GPRMC,174555.00,V,,,,,,,241120,,,N*7E
$GPVTG,,,,,,,,,N*30
$GPGGA,174555.00,,,,,0,00,99.99,,,,,,*61
$GPGSA,A,1,,,,,,,,,,,,,99.99,99.99,99.99*30
$GPGSV,4,1,16,01,28,031,,06,38,227,20,07,42,181,,08,-2,069,22*6B
$GPGSV,4,2,16,09,07,169,,11,4,4,16,22,25,070,26,28,43,351,,30,60,223,$GPRMC,174556.00,V,,,,,,,241120,,,N*7D
$GPVTG,,,,,,,,,N*30
$GPGGA,174556.00,,,,,0,00,99.99,,,,,,*62
$GPGSA,A,1,,,,,,,,,,,,,99.99,99.99,99.99*30
$GPGSV,4,1,13,01,28,031,,06,38,227,12,07,42,,13,09,07,169,,11,,,13,13,00,274,13,16,,,15*7$GPRMC,174557.00,V,,,,,,,241120,,,N*7C
$GPVTG,,,,,,,,,N*30
$GPGGA,174557.00,,,,,0,00,99.99,,,,,,*63
$GPGSA,A,1,,,,,,,,,,,,,99.99,99.99,99.99*30
$GPGSV,4,1,16,01,28,031,,06,38,227,09,07,42,181,,08,-2,069,21*63
$GPGSV,4,2,16,09,07,169,,11,,,11,13,00,274,,15,,,22*7F
$GPGSV,4,3,16,16,,,14,$GPRMC,174558.00,V,,,,,,,241120,,,N*73
$GPVTG,,,,,,,,,N*30
$GPGGA,174558.00,,,,,0,00,99.99,,,,,,*6C
$GPGSA,A,1,,,,,,,,,,,,,99.99,99.99,99.99*30
$GPGSV,4,1,16,01,28,031,,06,38,227,07,07,42,181,,08,-2,069,18*67
$GPGSV,4,2,16,09,07,4,16,22,25,070,19,26,,,24,28,43,351,,30,60,2$GPRMC,174559.00,V,,,,,,,241120,,,N*72
$GPVTG,,,,,,,,,N*30
$GPGGA,174559.00,,,,,0,00,99.99,,,,,,*6D
$GPGSA,A,1,,,,,,,,,,,,,99.99,99.99,99.99*30
$GPGSV,3,1,11,01,28,031,,06,38,227,,13,00,274,,16,,,12,17,33,312,,19,23,291,*4A
$GPGSV,3,3,11,22,$GPRMC,174600.00,V,,,,,,,241120,,,N*7D
$GPVTG,,,,,,,,,N*30
$GPGGA,174600.00,,,,,0,00,99.99,,,,,,*62
$GPGSA,A,1,,,,,,,,,,,,,99.99,99.99,99.99*30
$GPGSV,3,1,11,01,28,031,,06,38,227,,07,42,181,,09,07,169,*71
$GPGSV,3,2,11,13,00,274,,16,,,09,17,33,312,,19,23,291,*40
$GPGSV,3,3,11,22,25,070,,28,43,351,,3$GPRMC,174601.00,V,,,,,,,241120,,,N*7C
$GPVTG,,,,,,,,,N*30
$GPGGA,174601.00,,,,,0,00,99.99,,,,,,*63
$GPGSA,A,1,,,,,,,,,,,,,99.99,99.99,99.99*30
$GPGSV,3,1,12,01,28,031,,06,38,227,,07,42,181,,09,07,169,*72
$GPGSV,3,2,12,13,00,274,,16,,,12,17,33,312,,19,23,291,*49
$GPGSV,3,3,12,22,25,070,,23,$GPRMC,174602.00,V,,,,,,,241120,,,N*7F
$GPVTG,,,,,,,,,N*30
$GPGGA,174602.00,,,,,0,00,99.99,,,,,,*60
$GPGSA,A,1,,,,,,,,,,,,,99.99,99.99,99.99*30
$GPGSV,6,1,22,01,28,031,,06,38,227,,07,42,181,29,09,07,169,*7F
$GPGSV,6,2,22,10,,,28,11,,,24,12,,,25,13,00,274,*47
$GPGSV,6,3,22,15,,,23,16,,,25,1,23,291,,21,,,25,22,2$GPRMC,174603.00,V,,,,,,,241120,,,N*7E
$GPVTG,,,,,,,,,N*30
$GPGGA,174603.00,,,,,0,00,99.99,,,,,,*61
$GPGSA,A,1,,,,,,,,,,,,,99.99,99.99,99.99*30
$GPGSV,6,1,24,01,28,031,,06,38,227,,07,42,181,25,09,07,169,*75
$GPG4,10,,,25,11,,,23,12,9,,,27,30,60,223,25,31,,,25,42,49,110,29*7$GPRMC,174604.00,V,,,,,,,241120,,,N*79
$GPVTG,,,,,,,,,N*30
$GPGGA,174604.00,,,,,0,00,99.99,,,,,,*66
$GPGSA,A,1,,,,,,,,,,,,,99.99,99.99,99.99*30
$GPGSV,6,1,23,01,28,031,,06,38,227,,07,42,181,22,09,07,169,*75
$GP3,10,,,22,11,,,21,12,,,21,13,00,274,*4D
$,23,291,,21,,,21,22,25,070,20,23,,,23*7B
$GP$GPRMC,174605.00,V,,,,,,,241120,,,N*78
$GPVTG,,,,,,,,,N*30
$GPGGA,174605.00,,,,,0,00,99.99,,,,,,*67
$GPGSA,A,1,,,,,,,,,,,,,99.99,99.99,99.99*30
$GPGSV,6,1,23,01,28,031,,06,38,227,,07,42,181,,09,07,169,*75
$GPGSV,6,2,23,10,,,21,11,,,16,12,,,21,13,00,274,*4A
$G21,30,60,223,19,31,,,$GPRMC,174606.00,V,,,,,,,241120,,,N*7B
$GPVTG,,,,,,,,,N*30
$GPGGA,174606.00,,,,,0,00,99.99,,,,,,*64
$GPGSA,A,1,,,,,,,,,,,,,99.99,99.99,99.99*30
$GPGSV,6,1,22,01,1,,,16,22,25,070,,23,,,21,24,,,15*4F
$GPGSV,6,5,22,25,$GPRMC,174607.00,V,,,,,,,241120,,,N*7A
$GPVTG,,,,,,,,,N*30
$GPGGA,174607.00,,,,,0,00,99.99,,,,,,*65
$GPGSA,A,1,,,,,,,,,,,,,99.99,99.99,99.99*30
10,,,20,12,,,20,13,00,274,,15,,,20*49
$GPGSV,6,3,21,16,,,20,17,33,325,070,,23,,,20,24,,,10,25,,,16*4C
$GPGSV,6,5,21,26,,,09,28,43,351,$GPRMC,174608.00,V,,,,,,,241120,,,N*75
$GPVTG,,,,,,,,,N*30
$GPGGA,174608.00,,,,,0,00,99.99,,,,,,*6A
$GPGS1,,,,,,,,,,,,,99.99,99.99,99.99*30
$GPGSV,5,1,18,01,27,031,,06,10,,,20,12,,,16,13,00,274,,15,,,17*41
$GPGSV,5,3,18,16,,,16,17,33,312,,19,2$GPRMC,174609.00,V,,,,,,,241120,,,N*74
$GPVTG,,,,,,,,,N*30
$GPGGA,174609.00,,,,,0,00,99.99,,,,,,*6B
$GPGSA,A,1,,,,,,,,,,,,,99.99,99.99,99.99*30
$GPGSV,3,1,12,01,27,031,,06,38,227,,07,42,181,21,09,07,169,24*78
$GPGSV,3,2,12,10,,,18,13,00,274,,17,33,312,,19,$GPRMC,174610.00,V,,,,,,,241120,,,N*7C
$GPVTG,,,,,,,,,N*30
$GPGGA,174610.00,,,,,0,00,99.99,,,,,,*63
$GPGSA,A,1,,,,,,,,,,,,,99.99,99.99,99.99*30
$GPGSV,3,1,10,01,27,031,,06,38,227,,07,42,181,,09,07,169,*7F
$GPGSV,3,2,10,13,00,274,,17,33,312,,19,23,291,,22,25,070,*7F
$GPGSV,3,3,10,28,43,351,,30,60,2$GPRMC,174611.00,V,,,,,,,241120,,,N*7D
$GPVTG,,,,,,,,,N*30
$GPGGA,174611.00,,,,,0,00,99.99,,,,,,*62
$GPGSA,A,1,,,,,,,,,,,,,99.99,99.99,99.99*30
$GPGSV,3,1,10,01,27,031,,06,38,227,,07,42,181,,09,07,169,*7F
$GPGSV,3,2,10,13,00,274,,17,33,312,,19,23,291,,22,25,070,*7F
$GPGSV,$GPRMC,174612.00,V,,,,,,,241120,,,N*7E
$GPVTG,,,,,,,,,N*30
$GPGGA,174612.00,,,,,0,00,99.99,,,,,,*61
$GPGSA,A,1,,,,,,,,,,,,,99.99,99.99,99.99*30
$GPGSV,3,1,10,01,27,031,,06,38,227,,07,42,181,,09,07,169,*7F
$GPGSV,3,2,10,13,00,274,,17,33,312,,19,23,291,,22,25,070,*7F
$GPGSV,3,3,10,28,43,$GPRMC,174613.00,V,,,,,,,241120,,,N*7F
$GPVTG,,,,,,,,,N*30
$GPGGA,174613.00,,,,,0,00,99.99,,,,,,*60
$GPGSA,A,1,,,,,,,,,,,,,99.99,99.99,99.99*30
$GPGSV,3,1,10,01,27,031,,06,38,227,,07,42,181,,09,07,169,*7F
$GPGSV,3,2,10,13,00,274,,17,33,312,,19,23,291,,22,25,070,*7F
$GPGSV$GPRMC,174614.00,V,,,,,,,241120,,,N*78
$GPVTG,,,,,,,,,N*30
$GPGGA,174614.00,,,,,0,00,99.99,,,,,,*67
$GPGSA,A,1,,,,,,,,,,,,,99.99,99.99,99.99*30
$GPGSV,3,1,10,01,27,031,,06,38,227,,07,42,181,,09,07,169,*7F
$GPGSV,3,2,10,13,00,274,,17,33,312,,19,23,291,,22,25,070,*7F
$GPGSV,3,3,10,28,43$GPRMC,174615.00,V,,,,,,,241120,,,N*79
$GPVTG,,,,,,,,,N*30
$GPGGA,174615.00,,,,,0,00,99.99,,,,,,*66
$GPGSA,A,1,,,,,,,,,,,,,99.99,99.99,99.99*30
$GPGSV,3,1,10,01,27,031,,06,38,227,,07,42,181,,09,07,169,18*76
$GPGSV,3,2,10,13,00,274,,17,33,312,,19,23,291,,22,25,070,*7F
$GPGSV,3,3,10,28,43,351,,30,60,2$GPRMC,174616.00,V,,,,,,,241120,,,N*7A
$GPVTG,,,,,,,,,N*30
$GPGGA,174616.00,,,,,0,00,99.99,,,,,,*65
$GPGSA,A,1,,,,,,,,,,,,,99.99,99.99,99.99*30
$GPGSV,3,1,10,01,27,031,,06,38,227,,07,42,181,,09,07,169,16*78
$GPGSV,3,2,10,13,00,274,,17,33,312,,19,2$GPRMC,174617.00,V,,,,,,,241120,,,N*7B
$GPVTG,,,,,,,,,N*30
$GPGGA,174617.00,,,,,0,00,99.99,,,,,,*64
$GPGSA,A,1,,,,,,,,,,,,,99.99,99.99,99.99*30
$GPGSV,3,1,10,01,27,031,,06,38,227,28,07,42,181,,09,07,169,*75
$GPGSV,3,2,10,13,00,274,,17,33,312,,19,23,291,,22,25,070,*7F
$GPGSV,3,3,10,28,43,351,,30,60,223,*74
$GP$GPRMC,174618.00,V,,,,,,,241120,,,N*74
$GPVTG,,,,,,,,,N*30
$GPGGA,174618.00,,,,,0,00,99.99,,,,,,*6B
$GPGSA,A,1,,,,,,,,,,,,,99.99,99.99,99.99*30
$GPGSV,3,1,10,01,27,031,,06,38,227,,07,42,181,,09,07,169,*7F
$GPGSV,3,2,10,13,00,274,,17,33,312,,19,23,291,,22,25,070,*7F
$GPGSV,3,3,10,28,43,351,,30,60,223,*74
$GPGLL,,,,,1$GPRMC,174619.00,V,,,,,,,241120,,,N*75
$GPVTG,,,,,,,,,N*30
$GPGGA,174619.00,,,,,0,00,99.99,,,,,,*6A
$GPGSA,A,1,,,,,,,,,,,,,99.99,99.99,99.99*30
$GPGSV,3,1,10,01,27,031,,06,38,227,,07,42,181,,09,07,169,*7F
$GPGS$GPRMC,174620.00,V,,,,,,,241120,,,N*7F
$GPVTG,,,,,,,,,N*30
$GPGGA,174620.00,,,,,0,00,99.99,,,,,,*60
$GPGSA,A,1,,,,,,,,,,,,,99.99,99.99,99.99*30
$GPGSV,3,1,12,01,27,031,,06,38,227,25,07,42,181,,09,07,169,24*7C
$GPGSV,3,2,12,13,00,274,,17,33,313,,19,23,291,,22,25,070,27*79
$GPGSV,3$GPRMC,174621.00,V,,,,,,,241120,,,N*7E
$GPVTG,,,,,,,,,N*30
$GPGGA,174621.00,,,,,0,00,99.99,,,,,,*61
$GPGSA,A,1,,,,,,,,,,,,,99.99,99.99,99.99*30
$GPGSV,3,1,12,01,27,031,,06,38,227,24,07,42,181,,09,07,169,23*7A
$GPGSV*45
$GPGLL,,,,,174621.00,V,N*4D
$GPRMC,174622.00,V,,,,,,,241120,,,N*7D
$GPVTG,,,,,,,,,N*30
$GPGGA,174622.00,,,,,0,00,99.99,,,,,,*62
$GPGSA,A,1,,,,,,,,,,,,,99.99,99.99,99.99*30
$GPGSV,3,1,11,01,27,031,,06,38,227,21,07,42,181,,09,07,169,22*7D
$GPGSV,3,2,11,13,00,274,20,17,33,313$GPRMC,174623.00,V,,,,,,,241120,,,N*7C
$GPVTG,,,,,,,,,N*30
$GPGGA,174623.00,,,,,0,00,99.99,,,,,,*63
$GPGSA,A,1,,,,,,,,,,,,,99.99,99.99,99.99*30
$GPGSV,3,1,11,01,27,031,,06,38,227,17,07,42,181,,09,07,169,20*7A
$GPGSV,3,2,11,13,00,274,20,17,33,313,21,19,24,291,,22,25,069,22*71
$GPGSV,3$GPRMC,174624.00,V,,,,,,,241120,,,N*7B
$GPVTG,,,,,,,,,N*30
$GPGGA,174624.00,,,,,0,00,99.99,,,,,,*64
$GPGSA,A,1,,,,,,,,,,,,,99.99,99.99,99.99*30
$GPGSV,3,1,11,01,27,031,,06,38,227,13,07,42,181,,09,07,169,18*75
$GPGSV,3,2,11,13,00,274,21,17,33,313,18,19,24,2$GPRMC,174625.00,V,,,,,,,241120,,,N*7A
$GPVTG,,,,,,,,,N*30
$GPGGA,174625.00,,,,,0,00,99.99,,,,,,*65
$GPGSA,A,1,,,,,,,,,,,,,99.99,99.99,99.99*30
$GPGSV,3,1,12,01,27,031,,06,38,227,09,07,42,181,,09,07,169,12*77
$GPGSV,3,2,12,13,00,274,21,17,33,313,14,19,24,291,,22,25,069,21*76
$GPGSV,3,3,12,25,,,33,$GPRMC,174626.00,V,,,,,,,241120,,,N*79
$GPVTG,,,,,,,,,N*30
$GPGGA,174626.00,,,,,0,00,99.99,,,,,,*66
$GPGSA,A,1,,,,,,,,,,,,,99.99,99.99,99.99*30
$GPGSV,3,1,12,01,27,031,,06,38,227,,07,42,181,,09,07,169,*7D
$GPGSV,3,2,12,13,00,274,21,LL,,,,,174626.00,V,N*4A
$GPRMC,174627.00,V,,,,,,,241120,,,N*78
$GPVTG,,,,,,,,,N*30
$GPGGA,174627.00,,,,,0,00,99.99,,,,,,*67
$GPGSA,A,1,,,,,,,,,,,,,99.99,99.99,99.99*30
$GPGSV,3,1,11,01,27,031,,06,38,227,,07,42,181,,09,07,169,*7E
$GPGSV,3,2,11,13,00,274,20,17,33,313,,19,24,291,,22,25,06$GPRMC,174628.00,V,,,,,,,241120,,,N*77
$GPVTG,,,,,,,,,N*30
$GPGGA,174628.00,,,,,0,00,99.99,,,,,,*68
$GPGSA,A,1,,,,,,,,,,,,,99.99,99.99,99.99*30
$GPGSV,3,1,11,01,27,031,,06,38,227,,07,42,181,,09,07,169,*7E
$GPGSV,3,2,11,13,00,274,20,17,33,313,,19,24,291,,22,25,069,19*7A
$G$GPRMC,174629.00,V,,,,,,,241120,,,N*76
$GPVTG,,,,,,,,,N*30
$GPGGA,174629.00,,,,,0,00,99.99,,,,,,*69
$GPGSA,A,1,,,,,,,,,,,,,99.99,99.99,99.99*30
$GPGSV,3,1,11,01,27,031,,06,38,227,27,07,42,181,,09,07,169,*7B
$GPGSV,3,2,11,13,00,274,17,17,33,313,21,19,24,291,,22,25,0$GPRMC,174630.00,V,,,,,,,241120,,,N*7E
$GPVTG,,,,,,,,,N*30
$GPGGA,174630.00,,,,,0,00,99.99,,,,,,*61
$GPGSA,A,1,,,,,,,,,,,,,99.99,99.99,99.99*30
$GPGSV,3,1,11,01,27,031,,06,38,227,,07,42,181,27,09,07,169,28*71
$GPGSV,3,2,11,13,00,274,,17,33,313,20,19,24,291,,22,25,069,11*72
$GPGSV,3,3,11,25,,,34,28,4$GPRMC,174631.00,V,,,,,,,241120,,,N*7F
$GPVTG,,,,,,,,,N*30
$GPGGA,174631.00,,,,,0,00,99.99,,,,,,*60
$GPGSA,A,1,,,,,,,,,,,,,99.99,99.99,99.99*30
$GPGSV,3,1,11,01,27,031,,06,38,227,,07,42,181,,09,07,169,*7E
$GPGSV,3,2,11,13,00,274,,17,33,313,17,19,24,291,,22,25,069,09*7$GPRMC,174632.00,V,,,,,,,241120,,,N*7C
$GPVTG,,,,,,,,,N*30
$GPGGA,174632.00,,,,,0,00,99.99,,,,,,*63
$GPGSA,A,1,,,,,,,,,,,,,99.99,99.99,99.99*30
$GPGSV,3,1,11,01,27,031,,06,38,227,,07,42,181,,09,07,169,*7E
$GPGSV,3,2,11,13,00,274,,17,33,313,13,19,24$GPRMC,174633.00,V,,,,,,,241120,,,N*7D
$GPVTG,,,,,,,,,N*30
$GPGGA,174633.00,,,,,0,00,99.99,,,,,,*62
$GPGSA,A,1,,,,,,,,,,,,,99.99,99.99,99.99*30
$GPGSV,3,1,11,01,27,031,,06,38,227,,07,42,181,,09,07,169,*7E
$GP13,00,274,,17,33,313,14,19,24,291,,22,25,069,*75
$GPGSV,3,3,1$GPRMC,174634.00,V,,,,,,,241120,,,N*7A
$GPVTG,,,,,,,,,N*30
$GPGGA,174634.00,,,,,0,00,99.99,,,,,,*65
$GPGSA,A,1,,,,,,,,,,,,,99.99,99.99,99.99*30
$GPGSV,3,1,11,01,27,031,,06,38,227,,07,42,181,,09,07$GPRMC,174635.00,V,,,,,,,241120,,,N*7B
$GPVTG,,,,,,,,,N*30
$GPGGA,174635.00,,,,,0,00,99.99,,,,,,*64
$GPGSA,A,1,,,,,,,,,,,,,99.99,99.99,99.99*30
$GPGSV,3,1,11,01,27,031,,06,38,227,,07,42,181,,09,07,169,*7E
$GPGS13,00,274,18,17,33,313,12,19,24,291,,22,25,069,*7A
$GPGSV,3,3,11,$GPRMC,174636.00,V,,,,,,,241120,,,N*78
$GPVTG,,,,,,,,,N*30
$GPGGA,174636.00,,,,,0,00,99.99,,,,,,*67
$GPGSA,A,1,,,,,,,,,,,,,99.99,99.99,99.99*30
$GPGSV,3,1,11,01,27,031,,06,38,227,,07,42,181,,09,07,169,*7E
$GPGSV,3,213,00,274,14,17,33,313,11,19,24,291,,22,25,069,*75
$GPGSV,3,3,11,$GPRMC,174637.00,V,,,,,,,241120,,,N*79
$GPVTG,,,,,,,,,N*30
$GPGGA,174637.00,,,,,0,00,99.99,,,,,,*6613,00,274,10,17,33,313,08,19,24,291,20,22,$GPRMC,174638.00,V,,,,,,,241120,,,N*76
$GPVTG,,,,,,,,,N*30
$GPGGA,174638.00,,,,,0,00,99.99,,,,,,*69
$GPGSA,A,1,,,,,,,,,,,,,99.99,99.99,99.99*30
$GPGSV,3,1,11,01,27,031,,06,38,227,,07,42,181,,09,07,169,*7E
$GPGSV,3,2,11,13,00,274,,17,33,313,,19,24,291,19,22,25,069,*78
$GPGSV,3,3,11,25,,,30$GPRMC,174639.00,V,,,,,,,241120,,,N*77
$GPVTG,,,,,,,,,N*30
$GPGGA,174639.00,,,,,0,00,99.99,,,,,,*68
$GPGSA,A,1,,,,,,,,,,,,,99.99,99.99,99.99*30
V,3,1,11,01,27,031,,06,38,227,,07,42,181,,09,07,169,*7E
$GPGS13,00,274,18,17,33,313,12,19,24,291,,22,25,069,*7A
$GPGSV,3,3,11,$GPRMC,174636.00,V,,,,,,,241120,,,N*78
$GPVTG,,,,,,,,,N*30
$GPGGA,174636.00,,,,,0,00,99.99,,,,,,*67
$GPGSA,A,1,,,,,,,,,,,,,99.99,99.99,99.99*30
$GPGSV,3,1,11,01,27,031,,06,38,227,,07,42,181,,09,07,169,*7E
$GPGSV,3,213,00,274,14,17,33,313,11,19,24,291,,22,25,069,*75
$GPGSV,3,3,11,$GPRMC,174637.00,V,,,,,,,241120,,,N*79
$GPVTG,,,,,,,,,N*30
$GPGGA,174637.00,,,,,0,00,99.99,,,,,,*6613,00,274,10,17,33,313,08,19,24,291,20,22,$GPRMC,174638.00,V,,,,,,,241120,,,N*76
$GPVTG,,,,,,,,,N*30
$GPGGA,174638.00,,,,,0,00,99.99,,,,,,*69
$GPGSA,A,1,,,,,,,,,,,,,99.99,99.99,99.99*30
$GPGSV,3,1,11,01,27,031,,06,38,227,,07,42,181,,09,07,169,*7E
$GPGSV,3,2,11,13,00,274,,17,33,313,,19,24,291,19,22,25,069,*78
$GPGSV,3,3,11,25,,,30$GPRMC,174639.00,V,,,,,,,241120,,,N*77
$GPVTG,,,,,,,,,N*30
$GPGGA,174639.00,,,,,0,00,99.99,,,,,,*68
$GPGSA,A,1,,,,,,,,,,,,,99.99,99.99,99.99*30
V,3,1,11,01,27,031,,06,38,227,,07,42,181,,09,07,169,*7E
$GPGS13,00,274,18,17,33,313,12,19,24,291,,22,25,069,*7A
$GPGSV,3,3,11,$GPRMC,174636.00,V,,,,,,,241120,,,N*78
$GPVTG,,,,,,,,,N*30
$GPGGA,174636.00,,,,,0,00,99.99,,,,,,*67
$GPGSA,A,1,,,,,,,,,,,,,99.99,99.99,99.99*30
$GPGSV,3,1,11,01,27,031,,06,38,227,,07,42,181,,09,07,169,*7E
$GPGSV,3,213,00,274,14,17,33,313,11,19,24,291,,22,25,069,*75
$GPGSV,3,3,11,$GPRMC,174637.00,V,,,,,,,241120,,,N*79
$GPVTG,,,,,,,,,N*30
$GPGGA,174637.00,,,,,0,00,99.99,,,,,,*6613,00,274,10,17,33,313,08,19,24,291,20,22,$GPRMC,174638.00,V,,,,,,,241120,,,N*76
$GPVTG,,,,,,,,,N*30
$GPGGA,174638.00,,,,,0,00,99.99,,,,,,*69
$GPGSA,A,1,,,,,,,,,,,,,99.99,99.99,99.99*30
$GPGSV,3,1,11,01,27,031,,06,38,227,,07,42,181,,09,07,169,*7E
$GPGSV,3,2,11,13,00,274,,17,33,313,,19,24,291,19,22,25,069,*78
$GPGSV,3,3,11,25,,,30$GPRMC,174639.00,V,,,,,,,241120,,,N*77
$GPVTG,,,,,,,,,N*30
$GPGGA,174639.00,,,,,0,00,99.99,,,,,,*68
$GPGSA,A,1,,,,,,,,,,,,,99.99,99.99,99.99*30
V,3,1,11,01,27,031,,06,38,227,,07,42,181,,09,07,169,*7E
$GPGS13,00,274,18,17,33,313,12,19,24,291,,22,25,069,*7A
$GPGSV,3,3,11,$GPRMC,174636.00,V,,,,,,,241120,,,N*78
$GPVTG,,,,,,,,,N*30
$GPGGA,174636.00,,,,,0,00,99.99,,,,,,*67
$GPGSA,A,1,,,,,,,,,,,,,99.99,99.99,99.99*30
$GPGSV,3,1,11,01,27,031,,06,38,227,,07,42,181,,09,07,169,*7E
$GPGSV,3,213,00,274,14,17,33,313,11,19,24,291,,22,25,069,*75
$GPGSV,3,3,11,$GPRMC,174637.00,V,,,,,,,241120,,,N*79
$GPVTG,,,,,,,,,N*30
$GPGGA,174637.00,,,,,0,00,99.99,,,,,,*6613,00,274,10,17,33,313,08,19,24,291,20,22,$GPRMC,174638.00,V,,,,,,,241120,,,N*76
$GPVTG,,,,,,,,,N*30
$GPGGA,174638.00,,,,,0,00,99.99,,,,,,*69
$GPGSA,A,1,,,,,,,,,,,,,99.99,99.99,99.99*30
$GPGSV,3,1,11,01,27,031,,06,38,227,,07,42,181,,09,07,169,*7E
$GPGSV,3,2,11,13,00,274,,17,33,313,,19,24,291,19,22,25,069,*78
$GPGSV,3,3,11,25,,,30$GPRMC,174639.00,V,,,,,,,241120,,,N*77
$GPVTG,,,,,,,,,N*30
$GPGGA,174639.00,,,,,0,00,99.99,,,,,,*68
$GPGSA,A,1,,,,,,,,,,,,,99.99,99.99,99.99*30
V,3,1,11,01,27,031,,06,38,227,,07,42,181,,09,07,169,*7E
$GPGS13,00,274,18,17,33,313,12,19,24,291,,22,25,069,*7A
$GPGSV,3,3,11,$GPRMC,174636.00,V,,,,,,,241120,,,N*78
$GPVTG,,,,,,,,,N*30
$GPGGA,174636.00,,,,,0,00,99.99,,,,,,*67
$GPGSA,A,1,,,,,,,,,,,,,99.99,99.99,99.99*30
$GPGSV,3,1,11,01,27,031,,06,38,227,,07,42,181,,09,07,169,*7E
$GPGSV,3,213,00,274,14,17,33,313,11,19,24,291,,22,25,069,*75
$GPGSV,3,3,11,$GPRMC,174637.00,V,,,,,,,241120,,,N*79
$GPVTG,,,,,,,,,N*30
$GPGGA,174637.00,,,,,0,00,99.99,,,,,,*6613,00,274,10,17,33,313,08,19,24,291,20,22,$GPRMC,174638.00,V,,,,,,,241120,,,N*76
$GPVTG,,,,,,,,,N*30
$GPGGA,174638.00,,,,,0,00,99.99,,,,,,*69
$GPGSA,A,1,,,,,,,,,,,,,99.99,99.99,99.99*30
$GPGSV,3,1,11,01,27,031,,06,38,227,,07,42,181,,09,07,169,*7E
$GPGSV,3,2,11,13,00,274,,17,33,313,,19,24,291,19,22,25,069,*78
$GPGSV,3,3,11,25,,,30$GPRMC,174639.00,V,,,,,,,241120,,,N*77
$GPVTG,,,,,,,,,N*30
$GPGGA,174639.00,,,,,0,00,99.99,,,,,,*68
$GPGSA,A,1,,,,,,,,,,,,,99.99,99.99,99.99*30
V,3,1,11,01,27,031,,06,38,227,,07,42,181,,09,07,169,*7E
$GPGS13,00,274,18,17,33,313,12,19,24,291,,22,25,069,*7A
$GPGSV,3,3,11,$GPRMC,174636.00,V,,,,,,,241120,,,N*78
$GPVTG,,,,,,,,,N*30
$GPGGA,174636.00,,,,,0,00,99.99,,,,,,*67
$GPGSA,A,1,,,,,,,,,,,,,99.99,99.99,99.99*30
$GPGSV,3,1,11,01,27,031,,06,38,227,,07,42,181,,09,07,169,*7E
$GPGSV,3,213,00,274,14,17,33,313,11,19,24,291,,22,25,069,*75
$GPGSV,3,3,11,$GPRMC,174637.00,V,,,,,,,241120,,,N*79
$GPVTG,,,,,,,,,N*30
$GPGGA,174637.00,,,,,0,00,99.99,,,,,,*6613,00,274,10,17,33,313,08,19,24,291,20,22,$GPRMC,174638.00,V,,,,,,,241120,,,N*76
$GPVTG,,,,,,,,,N*30
$GPGGA,174638.00,,,,,0,00,99.99,,,,,,*69
$GPGSA,A,1,,,,,,,,,,,,,99.99,99.99,99.99*30
$GPGSV,3,1,11,01,27,031,,06,38,227,,07,42,181,,09,07,169,*7E
$GPGSV,3,2,11,13,00,274,,17,33,313,,19,24,291,19,22,25,069,*78
$GPGSV,3,3,11,25,,,30$GPRMC,174639.00,V,,,,,,,241120,,,N*77
$GPVTG,,,,,,,,,N*30
$GPGGA,174639.00,,,,,0,00,99.99,,,,,,*68
$GPGSA,A,1,,,,,,,,,,,,,99.99,99.99,99.99*30
V,3,1,11,01,27,031,,06,38,227,,07,42,181,,09,07,169,*7E
$GPGS13,00,274,18,17,33,313,12,19,24,291,,22,25,069,*7A
$GPGSV,3,3,11,$GPRMC,174636.00,V,,,,,,,241120,,,N*78
$GPVTG,,,,,,,,,N*30
$GPGGA,174636.00,,,,,0,00,99.99,,,,,,*67
$GPGSA,A,1,,,,,,,,,,,,,99.99,99.99,99.99*30
$GPGSV,3,1,11,01,27,031,,06,38,227,,07,42,181,,09,07,169,*7E
$GPGSV,3,213,00,274,14,17,33,313,11,19,24,291,,22,25,069,*75
$GPGSV,3,3,11,$GPRMC,174637.00,V,,,,,,,241120,,,N*79
$GPVTG,,,,,,,,,N*30
$GPGGA,174637.00,,,,,0,00,99.99,,,,,,*6613,00,274,10,17,33,313,08,19,24,291,20,22,$GPRMC,174638.00,V,,,,,,,241120,,,N*76
$GPVTG,,,,,,,,,N*30
$GPGGA,174638.00,,,,,0,00,99.99,,,,,,*69
$GPGSA,A,1,,,,,,,,,,,,,99.99,99.99,99.99*30
$GPGSV,3,1,11,01,27,031,,06,38,227,,07,42,181,,09,07,169,*7E
$GPGSV,3,2,11,13,00,274,,17,33,313,,19,24,291,19,22,25,069,*78
$GPGSV,3,3,11,25,,,30$GPRMC,174639.00,V,,,,,,,241120,,,N*77
$GPVTG,,,,,,,,,N*30
$GPGGA,174639.00,,,,,0,00,99.99,,,,,,*68
$GPGSA,A,1,,,,,,,,,,,,,99.99,99.99,99.99*30
V,3,1,11,01,27,031,,06,38,227,,07,42,181,,09,07,169,*7E
$GPGS13,00,274,18,17,33,313,12,19,24,291,,22,25,069,*7A
$GPGSV,3,3,11,$GPRMC,174636.00,V,,,,,,,241120,,,N*78
$GPVTG,,,,,,,,,N*30
$GPGGA,174636.00,,,,,0,00,99.99,,,,,,*67
$GPGSA,A,1,,,,,,,,,,,,,99.99,99.99,99.99*30
$GPGSV,3,1,11,01,27,031,,06,38,227,,07,42,181,,09,07,169,*7E
$GPGSV,3,213,00,274,14,17,33,313,11,19,24,291,,22,25,069,*75
$GPGSV,3,3,11,$GPRMC,174637.00,V,,,,,,,241120,,,N*79
$GPVTG,,,,,,,,,N*30
$GPGGA,174637.00,,,,,0,00,99.99,,,,,,*6613,00,274,10,17,33,313,08,19,24,291,20,22,$GPRMC,174638.00,V,,,,,,,241120,,,N*76
$GPVTG,,,,,,,,,N*30
$GPGGA,174638.00,,,,,0,00,99.99,,,,,,*69
$GPGSA,A,1,,,,,,,,,,,,,99.99,99.99,99.99*30
$GPGSV,3,1,11,01,27,031,,06,38,227,,07,42,181,,09,07,169,*7E
$GPGSV,3,2,11,13,00,274,,17,33,313,,19,24,291,19,22,25,069,*78
$GPGSV,3,3,11,25,,,30$GPRMC,174639.00,V,,,,,,,241120,,,N*77
$GPVTG,,,,,,,,,N*30
$GPGGA,174639.00,,,,,0,00,99.99,,,,,,*68
$GPGSA,A,1,,,,,,,,,,,,,99.99,99.99,99.99*30
V,3,1,11,01,27,031,,06,38,227,,07,42,181,,09,07,169,*7E
$GPGS13,00,274,18,17,33,313,12,19,24,291,,22,25,069,*7A
$GPGSV,3,3,11,$GPRMC,174636.00,V,,,,,,,241120,,,N*78
$GPVTG,,,