Š‰‰‰‰)ºš‚š‚r‚‚b²±N*4C
$GPRMC,173031.00,V,,,,,,,241120,,,N*7E
$GPVTG,,,,,,,,,N*30
$GPGGA,173031.00,,,,,0,00,99.99,,,,,,*61
$GPGSA,A,1,,,,,,,,,,,,,99.99,99.99,99.99*30
$GPGSV,4,1,15,01,34,031,22,06,32,222,20,07,49,184,,15,,,28*42
$GPGSV,4,2,15,18,,,19,22,27,077,,23,,,19,25,,,35*47
$GPGSV,4,3,15,26,,,18,27,,,19,28,38,346,,29,,,22*41
$GPGSV,4,4,15,30,,,20,31,,,21,32,,,20*7E
$GPGLL,,,,,173031.00,V,N*4D
$GPRMC,173032.00,V,,,,,,,241120,,,N*7D
$GPVTG,,,,,,,,,N*30
$GPGGA,173032.00,,,,,0,00,99.99,,,,,,*62
$GPGSA,A,1,,,,,,,,,,,,,99.99,99.99,99.99*30
$GPGSV,3,1,11,01,34,031,,06,32,222,17,07,49,184,,15,,,26*4B
$GPGSV,3,2,11,22,27,077,,24,,,25,25,,,35,26,,,16*4E
$GPGSV,3,3,11,28,38,346,,30,,,18,32,,,18*4B
$GPGLL,,,,,173032.00,V,N*4E
$GPRMC,173033.00,V,,,,,,,241120,,,N*7C
$GPVTG,,,,,,,,,N*30
$GPGGA,173033.00,,,,,0,00,99.99,,,,,,*63
$GPGSA,A,1,,,,,,,,,,,,,99.99,99.99,99.99*30
$GPGSV,4,1,14,01,34,031,,06,32,222,,07,49,184,,15,,,25*4C
$GPGSV,4,2,14,22,27,077,22,23,,,22,24,,,24,25,,,35*4F
$GPGSV,4,3,14,26,,,23,27,,,22,28,38,346,,30,,,17*4E
$GPGSV,4,4,14,31,,,23,32,,,13*7C
$GPGLL,,,,,173033.00,V,N*4F
$GPRMC,173034.00,V,,,,,,,241120,,,N*7B
$GPVTG,,,,,,,,,N*30
$GPGGA,173034.00,,,,,0,00,99.99,,,,,,*64
$GPGSA,A,1,,,,,,,,,,,,,99.99,99.99,99.99*30
$GPGSV,4,1,13,01,34,031,25,06,32,222,,07,49,184,,15,,,24*4D
$GPGSV,4,2,13,22,27,077,22,23,,,22,24,,,23,25,,,34*4E
$GPGSV,4,3,13,26,,,22,27,,,22,28,38,346,,31,,,22*4F
$GPGSV,4,4,13,32,,,14*7F
$GPGLL,,,,,173034.00,V,N*48
$GPRMC,173035.00,V,,,,,,,241120,,,N*7A
$GPVTG,,,,,,,,,N*30
$GPGGA,173035.00,,,,,0,00,99.99,,,,,,*65
$GPGSA,A,1,,,,,,,,,,,,,99.99,99.99,99.99*30
$GPGSV,4,1,13,01,34,031,24,06,32,222,19,07,49,184,24,15,,,23*45
$GPGSV,4,2,13,22,27,077,22,23,,,22,24,,,22,25,,,34*4F
$GPGSV,4,3,13,26,,,22,27,,,22,28,38,346,,30,,,22*4E
$GPGSV,4,4,13,31,,,22*79
$GPGLL,,,,,173035.00,V,N*49
$GPRMC,173036.00,V,,,,,,,241120,,,N*79
$GPVTG,,,,,,,,,N*30
$GPGGA,173036.00,,,,,0,00,99.99,,,,,,*66
$GPGSA,A,1,,,,,,,,,,,,,99.99,99.99,99.99*30
$GPGSV,4,1,13,01,34,031,23,06,32,222,23,07,49,184,23,15,,,23*4C
$GPGSV,4,2,13,22,27,077,22,23,,,21,24,,,22,25,,,33*4B
$GPGSV,4,3,13,26,,,22,27,,,22,28,38,346,,30,,,22*4E
$GPGSV,4,4,13,31,,,22*79
$GPGLL,,,,,173036.00,V,N*4A
$GPRMC,173037.00,V,,,,,,,241120,,,N*78
$GPVTG,,,,,,,,,N*30
$GPGGA,173037.00,,,,,0,00,99.99,,,,,,*67
$GPGSA,A,1,,,,,,,,,,,,,99.99,99.99,99.99*30
$GPGSV,4,1,13,01,34,031,22,06,32,222,22,07,49,184,23,15,,,22*4D
$GPGSV,4,2,13,22,27,077,22,23,,,21,24,,,22,25,,,33*4B
$GPGSV,4,3,13,26,,,22,27,,,22,28,38,346,21,30,,,22*4D
$GPGSV,4,4,13,31,,,21*7A
$GPGLL,,,,,173037.00,V,N*4B
$GPRMC,173038.00,V,,,,,,,241120,,,N*77
$GPVTG,,,,,,,,,N*30
$GPGGA,173038.00,,,,,0,00,99.99,,,,,,*68
$GPGSA,A,1,,,,,,,,,,,,,99.99,99.99,99.99*30
$GPGSV,4,1,14,01,34,031,22,02,,,22,06,32,222,19,07,49,184,22*45
$GPGSV,4,2,14,15,,,22,22,27,077,22,23,,,21,24,,,22*4F
$GPGSV,4,3,14,25,,,33,26,,,22,27,,,21,28,38,346,21*4D
$GPGSV,4,4,14,30,,,22,31,,,22*7D
$GPGLL,,,,,173038.00,V,N*44
$GPRMC,173039.00,V,,,,,,,241120,,,N*76
$GPVTG,,,,,,,,,N*30
$GPGGA,173039.00,,,,,0,00,99.99,,,,,,*69
$GPGSA,A,1,,,,,,,,,,,,,99.99,99.99,99.99*30
$GPGSV,4,1,15,01,34,031,22,02,,,22,03,,,23,06,32,222,28*73
$GPGSV,4,2,15,07,49,184,22,15,,,22,22,27,077,22,23,,,21*7F
$GPGSV,4,3,15,24,,,22,25,,,33,26,,,22,27,,,21*79
$GPGSV,4,4,15,28,38,346,21,30,65,238,22,31,,,21*76
$GPGLL,,,,,173039.00,V,N*45
$GPRMC,173040.00,V,,,,,,,241120,,,N*78
$GPVTG,,,,,,,,,N*30
$GPGGA,173040.00,,,,,0,00,99.99,,,,,,*67
$GPGSA,A,1,,,,,,,,,,,,,99.99,99.99,99.99*30
$GPGSV,4,1,16,01,34,031,20,02,,,20,03,,,21,04,,,22*49
$GPGSV,4,2,16,06,32,222,12,07,49,184,21,15,,,21,22,27,077,20*4A
$GPGSV,4,3,16,23,,,20,24,,,20,25,,,32,26,,,20*7E
$GPGSV,4,4,16,27,,,20,28,38,346,20,30,65,238,21,31,,,20*71
$GPGLL,,,,,173040.00,V,N*4B
$GPRMC,173041.00,V,,,,,,,241120,,,N*79
$GPVTG,,,,,,,,,N*30
$GPGGA,173041.00,,,,,0,00,99.99,,,,,,*66
$GPGSA,A,1,,,,,,,,,,,,,99.99,99.99,99.99*30
$GPGSV,4,1,15,01,34,031,,02,,,18,03,,,20,04,,,20*40
$GPGSV,4,2,15,06,32,222,10,07,49,184,20,22,27,077,20,23,,,18*45
$GPGSV,4,3,15,24,,,20,25,,,32,26,,$GPRMC,173042.00,V,,,,,,,241120,,,N*7A
$GPVTG,,,,,,,,,N*30
5,28,38,346,25,30,65,238,,31,,,22*73
$GPG$GPRMC,173044.00,V,,,,,,,241120,,,N*7C
$GPVTG,,,,,,,,,N*30
$GPGGA,173044.00,,,,,0,00,99.99,,,,,,*63
$GPGSA,A,1,,,,,,,,,,,,,99.99,99.99,99.99*30
$GPGSV,5,1,18,01,34,031,25,02,,,23,03,,,24,04,,,25*42
$GPGSV,5,2,,06,32,222,24,07,49,184,25,08,,,24*7C
$GP,35,26,,,22,27,,,23,28,38,346$GPRMC,173045.00,V,,,,,,,241120,,,N*7D
$GPVTG,,,,,,,,,N*30
$GPGGA,173045.00,,,,,0,00,99.99,,,,,,*62
1,,,,,,,,,,,,,99.99,99.99,99.99*30
$GPGSV,5,6,32,222,23,07,49,184,23,08,00,063,23*4F
$GPGSV,5,3,18,09,,,$GPRMC,173046.00,V,,,,,,,241120,,,N*7E
$GPVTG,,,,,,,,,N*30
$GPGGA,173046.00,,,,,0,00,99.99,,,,,,*61
$GPGSA,A,1,,,,,,,,,,,,,99.99,99.99,99.99*30
$GPGSV,5,1,19,01,34,031,,02,,,22,03,,,224,,,19,25,,,33,26,,,22,27,,,22*78
$GPGSV,$GPRMC,173047.00,V,,,,,,,241120,,,N*7F
$GPVTG,,,,,,,,,N*30
$GPGGA,173047.00,,,,,0,00,99.99,,,,,,*60
$GPGSA,A,1,,,,,,,,,,,,,99.99,99.99,99.99*30
$GPGSV,5,1,18,01,34,031,,02,,,19,03,,,21,04,,,19*46
$GPGSV,5,2,6,32,222,20,07,49,184,19,08,00,0635,,,29,26,,,20,27,,,19,28,38,$GPRMC,173048.00,V,,,,,,,241120,,,N*70
$GPVTG,,,,,,,,,N*30
$GPGGA,173048.00,,,,,0,00,99.99,,,,,,*6F
1,,,,,,,,,,,,,99.99,99.99,99.99*30
$GPGSV,4,,19,07,49,184,20,08,00,063,20,09,,,20*41
$GPGSV,4,3,13,22,27$GPRMC,173049.00,V,,,,,,,241120,,,N*71
$GPVTG,,,,,,,,,N*30
$GPGGA,173049.00,,,,,0,00,99.99,,,,,,*6E
$GPGSA,A,1,,,,,,,,,,,,,99.99,99.99,99.99*30
$GPGSV,3,1,09,08,00,063,16,22,27,077,,25,,,32,28,38,346$GPRMC,173050.00,V,,,,,,,241120,,,N*79
$GPVTG,,,,,,,,,N*30
$GPGGA,173050.00,,,,,0,00,99.99,,,,,,*66
$GPGSA,A,1,,,,,,,,,,,,,99.99,99.99,99.99*30
$GPGSV,4,1,16,01,34,031,,02,,,21,03,,,22,04,,,23*48
$GPGSV,4,2,16,05,,,24,06,32,222,23,07,49,184,11,08,00,063,11*45
$GPGSV,4,3,16,1$GPRMC,173051.00,V,,,,,,,241120,,,N*78
$GPVTG,,,,,,,,,N*30
$GPGGA,173051.00,,,,,0,00,99.99,,,,,,*67
$GPGSA,A,1,,,,,,,,,,,,,99.99,99.99,99.99*30
$GPGSV,4,1077,18,25,,,35,28,38,346,17,30,65,238,*4C
$G$GPRMC,173052.00,V,,,,,,,241120,,,N*7B
$GPVTG,,,,,,,,,N*30
$GPGGA,173052.00,,,,,0,00,99.99,,,,,,*64
$GPGSA,A,1,,,,,,,,,,,,,99.99,99.99,99.99*30
$GPGSV,4,1,14,01,34,031,,02,,,17,03,,,18,05,,,16*41,18,07,49,184,,08,00,063,24,1$GPRMC,173053.00,V,,,,,,,241120,,,N*7A
$GPVTG,,,,,,,,,N*30
$GPGGA,173053.00,,,,,0,00,99.99,,,,,,*65
$GPGSA,A,1,,,,,,,,,,,,,99.99,99.99,99.99*30
$GPGSV,5,1,18,01,34,031,,03,,,23,05,,,25,06,32,222,26*71
$GPGSV,5,21,,,25,22,27,077,24,25,,,35*42
$GPGSV,5,5,18,28,38,$GPRMC,173054.00,V,,,,,,,241120,,,N*7D
$GPVTG,,,,,,,,,N*30
$GPGGA,173054.00,,,,,0,00,99.99,,,,,,*62
$GPGSA,A,1,,,,,,,,,,,,,99.99,99.99,99.99*30
$G9,184,21,08,00,063,223,22,27,077,23,25,,,35,28,38,347,*78
$GPG$GPRMC,173055.00,V,,,,,,,241120,,,N*7C
$GPVTG,,,,,,,,,N*30
$GPGGA,173055.00,,,,,0,00,99.99,,,,,,*63
$GPGSA,A,1,,,,,,,,,,,,,99.99,99.99,99.99*30
$GPGSV,5,1,18,01,34,031,,03,,,22,05,,,23,06,32,222,22*72
$GPGSV,5,2,18,9,184,19,08,00,063,22,13,,,22,14,,$GPRMC,173056.00,V,,,,,,,241120,,,N*7F
$GPVTG,,,,,,,,,N*30
$GPGGA,173056.00,,,,,0,00,99.99,,,,,,*60
$GPGSA,A,1,,,,,,,,,,,,,99.99,99.99,99.99*30
$GPGSV,5,1,18,01,34,031,,03,,2,21,,,22,22,27,077,22,25,,,34*45
$GPGSV,5,5,18,28,38,347,,$GPRMC,173057.00,V,,,,,,,241120,,,N*7E
$GPVTG,,,,,,,,,N*30
$GPGGA,173057.00,,,,,0,00,99.99,,,,,,*61
$GPGSA,A,1,,,,,,,,,,,,,99.99,99.99,99.99*30
$GPGSV,5,1,18,01,34,031,,03,,,19,05,,,22,06184,,08,00,063,21,13,,,21,14,,,21*79
$G,,,21,22,27,077,22,25$GPRMC,173058.00,V,,,,,,,241120,,,N*71
$GPVTG,,,,,,,,,N*30
$GPGGA,173058.00,,,,,0,00,99.99,,,,,,*6E
$GPGSA,A,1,,,,,,,,,,,,,99.99,99.99,99.99*30
$GPGSV,5,1,19,01,34,031,,03,,,17,05,,,22,06,32,222,*74
$GP184,21,08,00,063,21,13,,,22,14,,,22*7B
$GPGSV,5,3$GPRMC,173059.00,V,,,,,,,241120,,,N*70
$GPVTG,,,,,,,,,N*30
$GPGGA,173059.00,,,,,0,00,99.99,,,,,,*6F
$GPGSA,A,1,,,,,,,,,,,,,99.99,99.99,99.99*30
$GPGSV,5,1,18,01,34,031,,03,,,13,05,,,20,06,22,27,077,22,23,,,21,25,,,34*4D
$GPGSV,5,5,1$GPRMC,173100.00,V,,,,,,,241120,,,N*7D
$GPVTG,,,,,,,,,N*30
$GPGGA,173100.00,,,,,0,00,99.99,,,,,,*62
$GPGSA,A,1,,,,,,,,,,,,,99.99,99.99,99.99*30
$GPGSV,5,1,18,01,34,031,,03,,,13,06,32,222,,07,49,184,21*40
$GPG8,00,063,21,13,,,22,14,,,21,15,,,20*4B$GPRMC,173101.00,V,,,,,,,241120,,,N*7C
$GPVTG,,,,,,,,,N*30
$GPGGA,173101.00,,,,,0,00,99.99,,,,,,*63
$GPGSA,A,1,,,,,,,,,,,,,99.99,99.99,99.99*30
$GPGSV,5,1,17,01,34,031,,03,,,13,05,,,23,06,32,222,*7F
$GP7,21,23,,,21,25,,,34,28,38,347,*7B
$GPGSV,5,5,17,$GPRMC,173102.00,V,,,,,,,241120,,,N*7F
$GPVTG,,,,,,,,,N*30
